0 84 40 79 80 91 21 34 77 28 56 48 63 37 52 95 92 64 72 15 61 3 25 15 81 17 41 14 12 100 23 52 84 62 30 64 53 50 97 30 77 53 77 41 89 29 36 81 92 8 95 53 10 20 67 89 36 7 3 46 7 25 97 90 85 27 54 38 76 52 67 54 5 44 93 93 72 29 74 64 36 69 17 45 88 83 34 24 89 36 69 96 59 66 86 45 92 40 82 69 91 
84 0 49 22 95 92 16 88 64 44 62 29 79 31 45 23 20 28 56 42 18 91 11 13 50 76 98 94 69 39 75 37 30 24 59 25 16 73 13 80 17 75 8 95 6 53 18 25 80 74 66 97 64 76 10 14 53 9 8 21 47 82 58 76 6 17 100 21 89 13 100 6 87 8 1 92 60 19 17 40 91 82 37 56 58 46 69 11 54 76 31 99 58 88 75 63 5 75 83 93 87 
40 49 0 83 98 75 90 98 67 50 17 83 89 9 65 26 63 24 70 32 34 24 8 64 23 65 52 97 29 55 72 12 48 60 94 46 34 85 44 1 35 60 83 24 68 49 49 31 71 19 63 5 42 70 68 64 35 19 61 63 73 34 74 21 92 69 66 26 54 10 27 88 69 10 12 37 58 60 67 30 78 30 34 20 98 1 83 34 20 44 96 92 77 70 13 69 39 78 94 92 86 
79 22 83 0 21 80 55 30 91 91 88 50 58 17 28 87 50 47 85 50 30 19 69 73 15 61 50 84 73 19 23 50 13 15 37 33 93 91 63 84 82 50 34 40 66 61 27 16 8 12 65 37 30 34 10 43 94 59 27 66 76 49 17 88 63 52 22 56 43 83 40 25 33 73 64 98 34 90 14 42 2 79 78 30 12 87 72 6 45 99 71 22 48 87 10 11 39 31 66 81 14 
80 95 98 21 0 6 6 46 78 70 45 13 59 58 53 60 37 31 89 48 18 61 53 62 60 24 83 8 11 92 18 49 23 83 30 36 88 35 82 66 5 26 78 63 84 32 23 21 62 12 68 78 72 21 41 32 44 24 39 54 16 56 2 39 39 31 74 27 65 56 92 69 81 70 32 65 2 54 85 62 65 52 41 37 72 80 68 16 4 7 69 20 62 70 57 1 2 31 27 66 86 
91 92 75 80 6 0 19 35 67 88 66 32 89 19 17 51 83 68 91 20 40 71 87 55 74 93 24 93 56 93 50 56 94 80 82 60 66 100 94 33 88 59 64 76 78 80 27 61 48 18 80 87 87 67 42 62 60 65 54 16 58 4 70 52 83 52 12 49 52 6 82 39 64 46 15 42 25 41 3 72 58 81 59 45 48 100 7 8 64 60 23 23 63 92 74 47 44 85 95 95 90 
21 16 90 55 6 19 0 77 34 54 23 48 95 47 89 97 19 46 78 77 91 27 76 96 34 41 57 56 63 20 48 37 66 92 22 61 87 12 38 21 65 60 68 60 7 57 57 25 3 35 2 92 61 77 89 93 18 45 49 80 64 97 16 30 88 37 90 75 48 28 95 13 87 63 72 93 19 29 18 21 63 18 14 24 95 2 17 13 47 65 92 11 62 8 40 50 44 30 25 91 57 
34 88 98 30 46 35 77 0 20 4 44 82 76 36 100 5 53 21 67 70 33 89 65 35 6 77 81 70 69 91 32 75 30 81 20 60 6 11 17 25 14 59 7 89 95 7 93 47 26 59 18 59 48 82 93 53 59 73 23 27 64 54 3 93 35 21 53 41 31 68 65 45 28 71 34 22 76 27 69 3 85 85 60 33 67 53 85 26 26 8 52 89 62 54 82 96 74 35 37 5 3 
77 64 67 91 78 67 34 20 0 2 49 30 71 82 51 47 9 20 49 92 5 9 25 71 62 10 96 87 17 48 76 78 2 58 74 75 92 11 79 95 11 28 25 81 10 75 28 18 94 76 11 98 85 35 70 46 44 66 33 60 14 9 38 15 66 12 88 59 22 67 53 32 94 77 13 5 52 41 22 46 17 32 44 2 65 13 47 9 78 79 69 91 87 7 6 53 19 93 12 39 60 
28 44 50 91 70 88 54 4 2 0 64 70 54 41 82 58 92 23 79 38 39 11 81 39 75 93 85 83 72 64 52 63 51 58 68 4 76 60 15 15 20 78 85 74 19 67 32 11 89 11 48 28 21 29 66 95 23 51 78 94 15 30 57 65 87 24 68 63 83 81 78 4 59 62 77 78 29 9 88 18 19 37 45 38 65 11 33 87 61 11 81 75 40 37 40 28 60 8 90 44 88 
56 62 17 88 45 66 23 44 49 64 0 68 47 48 30 23 25 58 31 13 75 49 49 20 86 14 30 19 1 90 30 81 65 69 18 5 96 78 12 86 22 99 54 67 47 83 89 71 41 20 84 16 68 33 35 54 46 64 72 47 55 2 28 20 70 45 24 66 23 36 52 43 35 6 10 81 88 99 53 29 19 37 44 86 69 79 39 15 43 11 60 97 12 87 17 80 32 40 46 54 75 
48 29 83 50 13 32 48 82 30 70 68 0 97 96 10 3 6 90 90 5 42 19 23 78 63 8 47 41 47 61 84 57 21 81 68 8 96 48 39 36 93 92 11 90 88 20 92 93 10 82 97 51 1 20 29 63 27 75 5 72 36 87 29 56 68 96 63 64 44 2 100 37 93 11 27 80 30 19 73 39 2 70 89 2 89 18 64 16 93 68 87 28 55 16 83 23 12 46 86 55 47 
63 79 89 58 59 89 95 76 71 54 47 97 0 86 91 39 96 18 20 25 37 92 63 37 62 52 39 51 70 3 65 62 70 52 90 25 68 73 47 79 18 33 34 64 19 25 3 15 42 22 39 78 14 2 15 75 54 53 25 23 55 90 85 24 42 74 48 10 47 94 88 64 27 22 29 45 46 31 59 88 52 97 66 65 99 80 40 52 33 64 74 87 54 59 11 95 33 58 5 79 52 
37 31 9 17 58 19 47 36 82 41 48 96 86 0 92 43 79 15 71 24 60 2 82 48 53 79 14 18 78 93 56 30 26 20 4 12 73 62 22 68 94 79 72 73 31 65 16 10 79 86 33 39 87 15 86 40 93 98 56 71 91 12 1 16 31 4 27 4 65 48 72 59 27 44 32 58 9 47 67 87 33 99 25 20 14 11 59 7 9 15 77 99 26 77 15 57 80 42 60 45 89 
52 45 65 28 53 17 89 100 51 82 30 10 91 92 0 32 5 17 75 36 73 83 82 40 70 15 39 94 35 51 5 93 57 13 8 34 12 33 12 26 89 91 67 49 36 56 80 40 72 55 74 45 38 56 84 8 71 23 2 5 73 6 97 30 18 5 64 29 37 74 54 26 65 21 74 1 77 54 40 49 9 14 93 46 69 77 53 40 99 54 44 72 58 41 2 75 45 65 4 81 39 
95 23 26 87 60 51 97 5 47 58 23 3 39 43 32 0 57 6 4 78 79 5 54 34 44 3 42 57 95 87 26 72 41 65 71 93 10 43 52 50 44 27 94 10 30 75 48 86 81 51 64 60 55 18 93 97 20 35 54 15 22 79 86 62 45 57 55 54 99 7 4 44 33 97 52 62 73 99 48 53 51 12 13 6 29 6 3 48 40 56 63 61 36 49 22 80 6 77 33 6 82 
92 20 63 50 37 83 19 53 9 92 25 6 96 79 5 57 0 36 49 15 34 100 76 6 99 24 58 50 35 71 54 63 76 57 11 15 13 73 75 48 22 96 27 27 73 59 32 55 95 80 69 28 80 45 33 79 68 91 29 3 61 82 64 37 39 74 51 51 47 26 97 68 22 24 95 94 83 27 49 77 6 19 6 85 63 38 63 31 29 91 32 89 73 96 26 12 70 76 61 17 2 
64 28 24 47 31 68 46 21 20 23 58 90 18 15 17 6 36 0 58 85 23 82 79 18 64 6 66 42 11 84 47 94 47 84 58 77 13 49 9 2 22 5 28 33 74 4 93 90 5 52 75 27 33 54 44 97 58 10 39 68 93 85 63 39 69 20 16 81 68 24 82 89 28 10 22 1 13 15 90 17 66 65 43 98 19 86 95 76 95 34 44 88 19 7 27 86 26 42 67 94 65 
72 56 70 85 89 91 78 67 49 79 31 90 20 71 75 4 49 58 0 49 83 92 58 5 92 70 20 82 86 85 48 29 83 65 16 79 42 11 13 85 99 30 91 26 17 17 67 83 11 33 32 93 24 90 98 16 60 17 98 46 2 45 75 85 11 89 63 51 100 75 36 98 5 27 24 21 43 91 4 53 23 35 47 46 25 44 61 84 61 59 30 62 4 5 47 14 93 10 64 93 84 
15 42 32 50 48 20 77 70 92 38 13 5 25 24 36 78 15 85 49 0 100 91 89 27 15 10 69 6 13 23 28 47 68 73 71 12 35 56 72 93 85 34 96 89 80 10 82 89 74 75 73 73 66 62 99 80 71 68 85 83 90 13 30 58 85 1 69 19 56 41 12 41 74 8 29 53 18 11 42 91 84 15 64 50 76 63 30 47 31 15 29 21 26 58 78 11 58 47 29 14 87 
61 18 34 30 18 40 91 33 5 39 75 42 37 60 73 79 34 23 83 100 0 41 54 60 48 82 14 65 92 55 56 76 69 20 27 45 82 55 91 13 69 20 33 94 77 10 5 36 56 34 49 42 73 3 3 21 84 16 85 76 70 41 52 39 59 78 83 41 33 75 53 3 94 85 96 72 94 1 7 50 34 55 91 7 57 93 27 41 9 13 17 77 52 68 16 12 46 99 52 79 73 
3 91 24 19 61 71 27 89 9 11 49 19 92 2 83 5 100 82 92 91 41 0 5 80 68 89 76 39 83 76 45 33 10 100 25 17 57 18 43 97 26 55 14 3 7 81 18 18 28 17 69 6 90 73 85 57 62 61 95 45 37 41 77 47 40 2 63 96 19 6 94 43 59 8 45 66 88 62 82 16 78 51 21 68 24 6 25 85 66 20 30 4 60 7 49 99 8 12 96 26 17 
25 11 8 69 53 87 76 65 25 81 49 23 63 82 82 54 76 79 58 89 54 5 0 89 68 75 96 13 41 84 75 23 99 53 73 20 21 97 25 46 82 90 65 12 92 25 18 42 24 25 52 20 51 68 10 19 43 6 31 83 89 6 6 88 59 79 8 79 75 31 25 57 21 88 68 13 13 85 53 37 10 6 56 60 73 64 78 16 69 9 98 58 14 4 46 72 82 52 51 57 82 
15 13 64 73 62 55 96 35 71 39 20 78 37 48 40 34 6 18 5 27 60 80 89 0 75 14 3 63 81 15 75 65 67 12 75 72 66 35 45 31 12 60 98 21 58 56 34 61 2 6 43 53 56 99 35 30 13 37 92 92 50 68 58 18 79 32 88 45 66 33 75 77 92 73 97 50 29 31 11 30 36 53 81 91 52 16 21 64 52 14 56 2 80 14 19 59 45 7 4 11 39 
81 50 23 15 60 74 34 6 62 75 86 63 62 53 70 44 99 64 92 15 48 68 68 75 0 77 87 31 50 84 80 78 15 91 8 50 44 88 40 95 4 60 59 55 73 15 56 53 27 74 12 72 80 15 82 20 91 69 50 41 53 30 20 67 21 27 17 64 15 56 58 18 16 17 72 88 31 29 41 57 3 52 29 82 66 11 1 57 79 50 98 32 80 17 99 100 43 16 63 57 71 
17 76 65 61 24 93 41 77 10 93 14 8 52 79 15 3 24 6 70 10 82 89 75 14 77 0 22 74 86 38 46 75 67 74 16 24 75 67 52 57 33 62 57 89 41 7 87 72 86 4 71 85 46 86 49 3 57 70 76 43 7 22 18 74 95 33 97 70 99 49 27 32 11 83 22 51 90 9 23 76 12 93 61 57 79 10 59 35 78 36 77 84 57 94 58 52 27 55 22 26 4 
41 98 52 50 83 24 57 81 96 85 30 47 39 14 39 42 58 66 20 69 14 76 96 3 87 22 0 48 57 14 32 78 64 21 86 86 96 97 79 57 55 58 66 14 92 44 49 69 28 5 63 85 56 89 40 77 15 44 26 71 57 56 50 21 77 36 7 73 33 85 30 87 42 94 100 34 38 48 3 65 53 66 51 9 55 90 85 69 34 11 40 89 66 89 10 43 24 16 16 56 1 
14 94 97 84 8 93 56 70 87 83 19 41 51 18 94 57 50 42 82 6 65 39 13 63 31 74 48 0 44 43 42 39 43 76 76 90 78 41 43 44 91 51 98 81 36 66 15 46 6 4 12 94 14 54 18 29 69 74 29 13 17 70 51 58 46 27 48 24 67 90 67 57 40 65 38 75 31 52 21 37 55 32 30 68 85 48 96 54 22 24 67 37 94 18 95 40 43 43 63 10 32 
12 69 29 73 11 56 63 69 17 72 1 47 70 78 35 95 35 11 86 13 92 83 41 81 50 86 57 44 0 30 66 72 94 5 47 26 56 67 61 11 98 91 78 83 38 74 38 59 97 5 95 91 21 90 30 64 33 93 73 64 23 39 36 18 43 82 42 97 48 3 8 46 93 85 29 31 59 66 89 56 69 85 47 90 75 76 53 7 69 26 71 91 64 7 8 7 87 49 4 36 52 
100 39 55 19 92 93 20 91 48 64 90 61 3 93 51 87 71 84 85 23 55 76 84 15 84 38 14 43 30 0 11 81 44 95 10 75 54 75 64 10 44 49 56 34 23 32 86 30 100 12 100 90 75 6 98 81 92 47 84 28 98 94 9 42 89 18 17 44 91 80 53 35 29 8 68 51 39 54 80 39 65 80 29 40 85 27 21 77 74 5 5 72 98 13 14 87 30 30 30 21 10 
23 75 72 23 18 50 48 32 76 52 30 84 65 56 5 26 54 47 48 28 56 45 75 75 80 46 32 42 66 11 0 82 55 38 90 23 89 29 75 69 67 40 49 95 79 34 22 99 11 95 4 16 66 2 28 79 87 57 10 18 77 19 99 31 56 88 53 45 17 28 14 83 67 62 78 47 95 100 46 6 94 49 20 61 49 47 40 37 4 49 54 79 67 52 11 23 41 63 67 57 90 
52 37 12 50 49 56 37 75 78 63 81 57 62 30 93 72 63 94 29 47 76 33 23 65 78 75 78 39 72 81 82 0 81 40 57 43 18 4 37 18 48 42 12 96 62 72 46 9 12 81 12 60 35 90 27 87 100 49 27 63 16 84 53 96 24 10 39 41 12 75 58 60 17 69 56 78 42 2 86 53 82 96 13 17 86 39 4 86 87 30 48 3 14 100 98 37 10 37 77 21 12 
84 30 48 13 23 94 66 30 2 51 65 21 70 26 57 41 76 47 83 68 69 10 99 67 15 67 64 43 94 44 55 81 0 35 80 29 4 36 6 45 37 91 97 19 87 10 36 73 47 39 59 34 68 7 36 81 7 35 18 16 71 94 36 82 29 16 10 32 51 16 76 87 6 73 7 92 82 42 65 29 80 24 62 48 31 97 29 37 31 46 52 2 40 87 83 68 3 92 99 53 8 
62 24 60 15 83 80 92 81 58 58 69 81 52 20 13 65 57 84 65 73 20 100 53 12 91 74 21 76 5 95 38 40 35 0 75 41 13 48 47 6 30 87 70 58 67 93 19 15 24 16 43 60 47 88 12 48 28 98 31 95 99 23 94 53 30 70 92 42 18 39 47 47 27 17 5 93 11 23 8 34 38 50 93 84 38 4 32 66 2 61 61 1 83 55 53 13 25 46 54 42 84 
30 59 94 37 30 82 22 20 74 68 18 68 90 4 8 71 11 58 16 71 27 25 73 75 8 16 86 76 47 10 90 57 80 75 0 1 88 10 18 92 3 28 15 10 60 52 59 53 36 96 57 66 62 58 28 23 58 11 77 11 23 2 56 77 44 39 77 32 49 94 24 51 22 38 59 81 89 18 34 24 15 90 90 76 47 18 97 5 28 75 15 50 76 70 27 20 9 4 51 57 97 
64 25 46 33 36 60 61 60 75 4 5 8 25 12 34 93 15 77 79 12 45 17 20 72 50 24 86 90 26 75 23 43 29 41 1 0 74 7 19 12 66 99 99 83 33 23 97 23 13 72 69 30 70 73 57 45 88 7 21 58 33 40 66 36 90 23 33 64 29 50 75 94 49 74 78 81 96 74 4 10 47 72 39 17 46 94 60 33 1 80 90 33 20 56 68 10 78 99 73 7 50 
53 16 34 93 88 66 87 6 92 76 96 96 68 73 12 10 13 13 42 35 82 57 21 66 44 75 96 78 56 54 89 18 4 13 88 74 0 48 2 98 22 78 79 18 53 82 26 98 54 64 15 99 58 74 32 58 54 22 90 73 77 58 82 55 57 55 62 7 2 63 5 23 41 83 40 93 65 65 91 19 29 6 18 87 79 49 45 33 71 35 6 48 91 87 3 48 41 64 54 43 27 
50 73 85 91 35 100 12 11 11 60 78 48 73 62 33 43 73 49 11 56 55 18 97 35 88 67 97 41 67 75 29 4 36 48 10 7 48 0 58 65 67 41 5 59 6 69 50 25 97 56 42 84 35 90 28 67 61 62 72 9 54 58 11 2 99 74 56 42 100 14 6 67 54 10 26 59 78 75 83 75 31 25 58 65 16 86 31 75 48 3 83 2 61 93 4 59 67 58 1 67 71 
97 13 44 63 82 94 38 17 79 15 12 39 47 22 12 52 75 9 13 72 91 43 25 45 40 52 79 43 61 64 75 37 6 47 18 19 2 58 0 6 34 25 15 59 83 92 34 66 67 64 91 25 29 6 11 59 80 58 62 64 60 22 57 62 81 24 20 81 91 90 86 25 15 1 83 97 92 17 63 59 81 54 83 10 59 93 68 39 52 30 3 11 51 59 72 32 82 91 12 72 81 
30 80 1 84 66 33 21 25 95 15 86 36 79 68 26 50 48 2 85 93 13 97 46 31 95 57 57 44 11 10 69 18 45 6 92 12 98 65 6 0 98 96 95 98 79 92 90 95 55 49 76 9 32 84 67 25 53 6 76 81 8 86 32 66 58 63 47 50 74 20 31 72 16 26 70 94 18 60 89 72 9 65 81 41 49 47 65 2 53 41 82 60 27 15 25 84 77 72 34 51 91 
77 17 35 82 5 88 65 14 11 20 22 93 18 94 89 44 22 22 99 85 69 26 82 12 4 33 55 91 98 44 67 48 37 30 3 66 22 67 34 98 0 64 23 7 89 92 100 7 53 89 78 61 54 59 2 4 7 66 5 58 7 86 18 33 100 42 18 77 14 51 28 5 14 51 11 3 43 11 9 95 99 87 56 53 46 57 55 51 23 59 10 30 45 27 62 45 68 79 22 81 29 
53 75 60 50 26 59 60 59 28 78 99 92 33 79 91 27 96 5 30 34 20 55 90 60 60 62 58 51 91 49 40 42 91 87 28 99 78 41 25 96 64 0 49 85 43 99 94 45 42 5 54 37 4 40 92 55 85 49 11 37 71 69 45 1 14 71 62 58 39 41 79 20 70 28 4 12 27 97 57 67 2 10 4 5 50 95 59 35 44 69 71 15 38 16 15 51 86 76 9 24 18 
77 8 83 34 78 64 68 7 25 85 54 11 34 72 67 94 27 28 91 96 33 14 65 98 59 57 66 98 78 56 49 12 97 70 15 99 79 5 15 95 23 49 0 87 43 86 15 46 98 41 43 54 8 45 63 11 49 13 5 8 47 48 77 18 62 15 32 76 65 18 53 73 42 69 60 83 55 74 30 53 15 72 7 21 17 69 31 65 81 35 72 28 82 49 45 44 62 76 20 27 93 
41 95 24 40 63 76 60 89 81 74 67 90 64 73 49 10 27 33 26 89 94 3 12 21 55 89 14 81 83 34 95 96 19 58 10 83 18 59 59 98 7 85 87 0 72 99 35 41 59 18 95 33 47 48 47 19 54 67 35 23 97 99 4 33 71 31 15 19 75 59 81 52 78 8 45 50 7 79 90 66 96 85 98 43 33 45 61 86 12 95 8 10 94 12 42 64 42 56 83 17 14 
89 6 68 66 84 78 7 95 10 19 47 88 19 31 36 30 73 74 17 80 77 7 92 58 73 41 92 36 38 23 79 62 87 67 60 33 53 6 83 79 89 43 43 72 0 63 68 92 70 13 42 76 91 32 42 87 17 40 31 49 83 91 35 95 86 42 4 80 52 45 45 94 100 27 11 14 89 78 6 59 90 46 35 81 77 76 68 93 16 98 42 98 89 76 93 75 18 96 55 69 41 
29 53 49 61 32 80 57 7 75 67 83 20 25 65 56 75 59 4 17 10 10 81 25 56 15 7 44 66 74 32 34 72 10 93 52 23 82 69 92 92 92 99 86 99 63 0 99 63 41 26 73 54 15 50 59 74 40 5 9 21 81 84 88 75 99 86 17 97 74 92 90 49 9 86 5 78 27 4 40 67 29 13 21 43 63 79 17 3 84 25 23 65 9 11 40 8 95 56 5 70 47 
36 18 49 27 23 27 57 93 28 32 89 92 3 16 80 48 32 93 67 82 5 18 18 34 56 87 49 15 38 86 22 46 36 19 59 97 26 50 34 90 100 94 15 35 68 99 0 94 19 56 80 23 34 8 26 73 74 53 85 94 95 48 74 12 50 57 36 72 22 43 81 61 50 77 17 54 47 63 48 65 19 28 87 52 35 13 25 9 65 10 3 60 57 75 71 7 33 6 77 54 49 
81 25 31 16 21 61 25 47 18 11 71 93 15 10 40 86 55 90 83 89 36 18 42 61 53 72 69 46 59 30 99 9 73 15 53 23 98 25 66 95 7 45 46 41 92 63 94 0 58 15 98 35 31 52 81 93 99 46 12 27 33 62 61 44 86 69 9 95 71 68 52 46 39 58 78 44 35 32 91 92 46 89 27 75 41 8 68 40 53 78 67 85 41 28 29 27 96 37 22 67 5 
92 80 71 8 62 48 3 26 94 89 41 10 42 79 72 81 95 5 11 74 56 28 24 2 27 86 28 6 97 100 11 12 47 24 36 13 54 97 67 55 53 42 98 59 70 41 19 58 0 73 13 43 31 90 85 64 22 77 56 66 66 83 41 7 90 9 46 43 87 13 28 28 40 56 54 36 92 75 2 96 48 14 39 78 4 24 42 25 100 98 90 65 80 31 71 70 40 17 13 26 29 
8 74 19 12 12 18 35 59 76 11 20 82 22 86 55 51 80 52 33 75 34 17 25 6 74 4 5 4 5 12 95 81 39 16 96 72 64 56 64 49 89 5 41 18 13 26 56 15 73 0 39 53 68 94 7 3 86 80 5 82 28 18 21 6 21 45 47 44 44 45 34 10 26 65 80 95 4 96 8 30 25 46 82 92 40 87 94 26 68 98 9 95 15 29 100 35 73 47 78 17 92 
95 66 63 65 68 80 2 18 11 48 84 97 39 33 74 64 69 75 32 73 49 69 52 43 12 71 63 12 95 100 4 12 59 43 57 69 15 42 91 76 78 54 43 95 42 73 80 98 13 39 0 12 26 17 76 6 12 79 2 18 9 26 63 90 18 4 77 12 29 44 10 37 39 24 65 39 58 37 86 36 54 77 48 79 93 24 84 5 3 85 22 11 12 85 99 29 87 76 40 16 20 
53 97 5 37 78 87 92 59 98 28 16 51 78 39 45 60 28 27 93 73 42 6 20 53 72 85 85 94 91 90 16 60 34 60 66 30 99 84 25 9 61 37 54 33 76 54 23 35 43 53 12 0 49 52 59 72 17 97 30 53 82 65 7 59 12 84 52 35 68 56 37 54 78 46 64 63 46 92 50 22 32 66 41 80 18 98 52 33 95 81 85 77 46 91 37 57 75 88 91 44 45 
10 64 42 30 72 87 61 48 85 21 68 1 14 87 38 55 80 33 24 66 73 90 51 56 80 46 56 14 21 75 66 35 68 47 62 70 58 35 29 32 54 4 8 47 91 15 34 31 31 68 26 49 0 28 96 22 73 61 84 19 53 34 39 84 99 79 65 16 78 17 49 73 97 34 50 43 25 86 99 100 74 90 43 18 18 39 40 90 99 24 8 52 58 47 37 56 26 1 72 3 17 
20 76 70 34 21 67 77 82 35 29 33 20 2 15 56 18 45 54 90 62 3 73 68 99 15 86 89 54 90 6 2 90 7 88 58 73 74 90 6 84 59 40 45 48 32 50 8 52 90 94 17 52 28 0 21 75 14 54 25 56 78 11 55 77 84 44 21 2 61 59 41 51 58 64 58 10 22 4 46 77 29 46 49 31 63 69 6 76 23 30 32 100 40 85 77 24 30 97 25 89 56 
67 10 68 10 41 42 89 93 70 66 35 29 15 86 84 93 33 44 98 99 3 85 10 35 82 49 40 18 30 98 28 27 36 12 28 57 32 28 11 67 2 92 63 47 42 59 26 81 85 7 76 59 96 21 0 65 40 14 29 97 24 50 1 68 27 29 15 75 60 76 44 65 52 66 94 83 65 34 68 42 57 96 39 81 86 94 46 26 8 74 22 30 24 23 98 51 51 13 26 11 88 
89 14 64 43 32 62 93 53 46 95 54 63 75 40 8 97 79 97 16 80 21 57 19 30 20 3 77 29 64 81 79 87 81 48 23 45 58 67 59 25 4 55 11 19 87 74 73 93 64 3 6 72 22 75 65 0 69 74 40 35 68 23 99 3 89 41 59 86 79 40 71 73 85 96 80 59 18 10 83 40 8 34 90 20 59 99 8 28 74 47 61 42 68 60 44 58 1 2 43 79 41 
36 53 35 94 44 60 18 59 44 23 46 27 54 93 71 20 68 58 60 71 84 62 43 13 91 57 15 69 33 92 87 100 7 28 58 88 54 61 80 53 7 85 49 54 17 40 74 99 22 86 12 17 73 14 40 69 0 14 52 26 10 32 84 27 41 67 66 48 100 56 67 58 56 74 85 30 21 46 71 88 6 14 46 7 16 88 85 56 2 37 81 11 68 65 37 9 33 4 56 32 59 
7 9 19 59 24 65 45 73 66 51 64 75 53 98 23 35 91 10 17 68 16 61 6 37 69 70 44 74 93 47 57 49 35 98 11 7 22 62 58 6 66 49 13 67 40 5 53 46 77 80 79 97 61 54 14 74 14 0 23 90 15 96 75 43 16 21 14 4 26 27 48 32 42 36 17 97 37 53 78 47 20 44 84 28 75 86 83 8 45 6 96 59 1 71 2 16 91 15 19 16 42 
3 8 61 27 39 54 49 23 33 78 72 5 25 56 2 54 29 39 98 85 85 95 31 92 50 76 26 29 73 84 10 27 18 31 77 21 90 72 62 76 5 11 5 35 31 9 85 12 56 5 2 30 84 25 29 40 52 23 0 67 47 83 3 63 80 39 15 58 85 34 2 69 62 76 55 45 83 99 49 80 58 50 50 60 65 41 74 83 57 16 50 4 98 52 65 78 90 79 36 75 14 
46 21 63 66 54 16 80 27 60 94 47 72 23 71 5 15 3 68 46 83 76 45 83 92 41 43 71 13 64 28 18 63 16 95 11 58 73 9 64 81 58 37 8 23 49 21 94 27 66 82 18 53 19 56 97 35 26 90 67 0 37 43 74 14 97 19 96 96 67 75 55 17 26 15 81 66 88 64 23 4 14 25 2 65 89 79 55 68 15 29 81 52 71 55 65 68 73 61 65 40 36 
7 47 73 76 16 58 64 64 14 15 55 36 55 91 73 22 61 93 2 90 70 37 89 50 53 7 57 17 23 98 77 16 71 99 23 33 77 54 60 8 7 71 47 97 83 81 95 33 66 28 9 82 53 78 24 68 10 15 47 37 0 20 56 61 34 38 27 22 2 48 24 15 72 25 79 62 4 34 30 19 62 11 69 34 65 34 2 38 93 66 77 29 85 34 89 18 70 16 39 71 64 
25 82 34 49 56 4 97 54 9 30 2 87 90 12 6 79 82 85 45 13 41 41 6 68 30 22 56 70 39 94 19 84 94 23 2 40 58 58 22 86 86 69 48 99 91 84 48 62 83 18 26 65 34 11 50 23 32 96 83 43 20 0 62 85 36 87 65 97 90 98 27 8 60 36 77 93 1 11 94 38 4 60 16 32 45 48 22 62 19 37 1 89 99 62 74 35 49 39 32 39 37 
97 58 74 17 2 70 16 3 38 57 28 29 85 1 97 86 64 63 75 30 52 77 6 58 20 18 50 51 36 9 99 53 36 94 56 66 82 11 57 32 18 45 77 4 35 88 74 61 41 21 63 7 39 55 1 99 84 75 3 74 56 62 0 58 46 96 93 23 89 93 33 83 31 36 43 46 67 86 93 87 49 12 24 49 100 23 11 74 58 59 13 89 97 49 46 44 45 39 66 33 32 
90 76 21 88 39 52 30 93 15 65 20 56 24 16 30 62 37 39 85 58 39 47 88 18 67 74 21 58 18 42 31 96 82 53 77 36 55 2 62 66 33 1 18 33 95 75 12 44 7 6 90 59 84 77 68 3 27 43 63 14 61 85 58 0 97 16 63 33 58 9 99 44 2 86 92 13 10 40 12 33 50 85 90 10 97 78 7 46 25 49 90 63 15 23 95 12 38 57 44 95 65 
85 6 92 63 39 83 88 35 66 87 70 68 42 31 18 45 39 69 11 85 59 40 59 79 21 95 77 46 43 89 56 24 29 30 44 90 57 99 81 58 100 14 62 71 86 99 50 86 90 21 18 12 99 84 27 89 41 16 80 97 34 36 46 97 0 43 39 66 29 30 77 38 69 89 70 20 74 60 28 71 38 34 17 62 83 7 25 97 29 20 9 66 76 53 61 41 95 98 7 24 28 
27 17 69 52 31 52 37 21 12 24 45 96 74 4 5 57 74 20 89 1 78 2 79 32 27 33 36 27 82 18 88 10 16 70 39 23 55 74 24 63 42 71 15 31 42 86 57 69 9 45 4 84 79 44 29 41 67 21 39 19 38 87 96 16 43 0 83 61 97 72 31 16 45 90 44 16 28 77 32 89 60 38 15 56 66 34 65 32 10 17 91 50 12 89 56 34 18 39 95 14 11 
54 100 66 22 74 12 90 53 88 68 24 63 48 27 64 55 51 16 63 69 83 63 8 88 17 97 7 48 42 17 53 39 10 92 77 33 62 56 20 47 18 62 32 15 4 17 36 9 46 47 77 52 65 21 15 59 66 14 15 96 27 65 93 63 39 83 0 26 30 55 16 73 71 43 50 3 33 9 40 46 64 6 79 29 36 88 45 27 38 56 17 93 89 33 32 84 47 42 10 75 96 
38 21 26 56 27 49 75 41 59 63 66 64 10 4 29 54 51 81 51 19 41 96 79 45 64 70 73 24 97 44 45 41 32 42 32 64 7 42 81 50 77 58 76 19 80 97 72 95 43 44 12 35 16 2 75 86 48 4 58 96 22 97 23 33 66 61 26 0 25 48 67 67 96 69 99 6 9 45 69 14 24 97 49 12 42 75 49 97 91 42 86 24 74 70 70 16 79 45 12 4 92 
76 89 54 43 65 52 48 31 22 83 23 44 47 65 37 99 47 68 100 56 33 19 75 66 15 99 33 67 48 91 17 12 51 18 49 29 2 100 91 74 14 39 65 75 52 74 22 71 87 44 29 68 78 61 60 79 100 26 85 67 2 90 89 58 29 97 30 25 0 78 70 88 47 69 93 55 13 62 68 36 59 17 47 1 91 95 97 82 37 83 6 11 54 75 26 33 20 36 36 12 14 
52 13 10 83 56 6 28 68 67 81 36 2 94 48 74 7 26 24 75 41 75 6 31 33 56 49 85 90 3 80 28 75 16 39 94 50 63 14 90 20 51 41 18 59 45 92 43 68 13 45 44 56 17 59 76 40 56 27 34 75 48 98 93 9 30 72 55 48 78 0 6 99 60 74 92 15 86 54 81 22 13 97 68 13 88 63 10 70 100 92 75 11 46 49 35 78 68 71 14 79 84 
67 100 27 40 92 82 95 65 53 78 52 100 88 72 54 4 97 82 36 12 53 94 25 75 58 27 30 67 8 53 14 58 76 47 24 75 5 6 86 31 28 79 53 81 45 90 81 52 28 34 10 37 49 41 44 71 67 48 2 55 24 27 33 99 77 31 16 67 70 6 0 19 78 44 92 70 57 77 24 39 98 36 35 66 47 23 29 56 91 29 49 66 39 94 16 73 72 83 44 85 62 
54 6 88 25 69 39 13 45 32 4 43 37 64 59 26 44 68 89 98 41 3 43 57 77 18 32 87 57 46 35 83 60 87 47 51 94 23 67 25 72 5 20 73 52 94 49 61 46 28 10 37 54 73 51 65 73 58 32 69 17 15 8 83 44 38 16 73 67 88 99 19 0 28 4 40 71 95 10 28 72 33 66 71 67 100 37 15 23 65 70 14 93 19 79 32 13 94 5 84 77 48 
5 87 69 33 81 64 87 28 94 59 35 93 27 27 65 33 22 28 5 74 94 59 21 92 16 11 42 40 93 29 67 17 6 27 22 49 41 54 15 16 14 70 42 78 100 9 50 39 40 26 39 78 97 58 52 85 56 42 62 26 72 60 31 2 69 45 71 96 47 60 78 28 0 69 39 74 72 78 45 67 87 72 39 19 38 9 86 38 45 99 60 10 70 73 3 88 52 34 99 47 38 
44 8 10 73 70 46 63 71 77 62 6 11 22 44 21 97 24 10 27 8 85 8 88 73 17 83 94 65 85 8 62 69 73 17 38 74 83 10 1 26 51 28 69 8 27 86 77 58 56 65 24 46 34 64 66 96 74 36 76 15 25 36 36 86 89 90 43 69 69 74 44 4 69 0 83 24 85 52 62 59 24 39 4 89 26 76 28 44 14 36 30 50 80 29 10 89 98 82 92 85 34 
93 1 12 64 32 15 72 34 13 77 10 27 29 32 74 52 95 22 24 29 96 45 68 97 72 22 100 38 29 68 78 56 7 5 59 78 40 26 83 70 11 4 60 45 11 5 17 78 54 80 65 64 50 58 94 80 85 17 55 81 79 77 43 92 70 44 50 99 93 92 92 40 39 83 0 26 85 80 63 68 4 48 19 64 7 42 4 11 31 29 86 58 72 98 93 2 49 73 30 58 62 
93 92 37 98 65 42 93 22 5 78 81 80 45 58 1 62 94 1 21 53 72 66 13 50 88 51 34 75 31 51 47 78 92 93 81 81 93 59 97 94 3 12 83 50 14 78 54 44 36 95 39 63 43 10 83 59 30 97 45 66 62 93 46 13 20 16 3 6 55 15 70 71 74 24 26 0 28 40 54 14 73 79 97 53 42 65 56 89 83 20 96 25 22 7 55 50 91 13 22 90 6 
72 60 58 34 2 25 19 76 52 29 88 30 46 9 77 73 83 13 43 18 94 88 13 29 31 90 38 31 59 39 95 42 82 11 89 96 65 78 92 18 43 27 55 7 89 27 47 35 92 4 58 46 25 22 65 18 21 37 83 88 4 1 67 10 74 28 33 9 13 86 57 95 72 85 85 28 0 23 38 78 52 95 40 79 35 93 91 8 72 88 61 14 53 16 3 37 35 98 61 56 5 
29 19 60 90 54 41 29 27 41 9 99 19 31 47 54 99 27 15 91 11 1 62 85 31 29 9 48 52 66 54 100 2 42 23 18 74 65 75 17 60 11 97 74 79 78 4 63 32 75 96 37 92 86 4 34 10 46 53 99 64 34 11 86 40 60 77 9 45 62 54 77 10 78 52 80 40 23 0 17 6 95 29 27 84 34 48 23 12 99 18 50 78 52 43 69 60 15 57 20 28 11 
74 17 67 14 85 3 18 69 22 88 53 73 59 67 40 48 49 90 4 42 7 82 53 11 41 23 3 21 89 80 46 86 65 8 34 4 91 83 63 89 9 57 30 90 6 40 48 91 2 8 86 50 99 46 68 83 71 78 49 23 30 94 93 12 28 32 40 69 68 81 24 28 45 62 63 54 38 17 0 35 30 46 69 28 8 26 31 23 31 26 51 56 10 84 5 32 94 3 50 45 80 
64 40 30 42 62 72 21 3 46 18 29 39 88 87 49 53 77 17 53 91 50 16 37 30 57 76 65 37 56 39 6 53 29 34 24 10 19 75 59 72 95 67 53 66 59 67 65 92 96 30 36 22 100 77 42 40 88 47 80 4 19 38 87 33 71 89 46 14 36 22 39 72 67 59 68 14 78 6 35 0 2 87 49 61 2 6 80 29 15 16 57 61 84 84 67 10 15 90 39 40 40 
36 91 78 2 65 58 63 85 17 19 19 2 52 33 9 51 6 66 23 84 34 78 10 36 3 12 53 55 69 65 94 82 80 38 15 47 29 31 81 9 99 2 15 96 90 29 19 46 48 25 54 32 74 29 57 8 6 20 58 14 62 4 49 50 38 60 64 24 59 13 98 33 87 24 4 73 52 95 30 2 0 94 50 24 98 81 18 1 31 62 80 32 49 29 92 50 34 72 77 48 87 
69 82 30 79 52 81 18 85 32 37 37 70 97 99 14 12 19 65 35 15 55 51 6 53 52 93 66 32 85 80 49 96 24 50 90 72 6 25 54 65 87 10 72 85 46 13 28 89 14 46 77 66 90 46 96 34 14 44 50 25 11 60 12 85 34 38 6 97 17 97 36 66 72 39 48 79 95 29 46 87 94 0 35 9 71 19 75 79 33 65 18 72 5 13 21 28 11 2 46 11 32 
17 37 34 78 41 59 14 60 44 45 44 89 66 25 93 13 6 43 47 64 91 21 56 81 29 61 51 30 47 29 20 13 62 93 90 39 18 58 83 81 56 4 7 98 35 21 87 27 39 82 48 41 43 49 39 90 46 84 50 2 69 16 24 90 17 15 79 49 47 68 35 71 39 4 19 97 40 27 69 49 50 35 0 8 90 62 56 19 54 5 52 26 82 99 12 16 8 82 34 82 61 
45 56 20 30 37 45 24 33 2 38 86 2 65 20 46 6 85 98 46 50 7 68 60 91 82 57 9 68 90 40 61 17 48 84 76 17 87 65 10 41 53 5 21 43 81 43 52 75 78 92 79 80 18 31 81 20 7 28 60 65 34 32 49 10 62 56 29 12 1 13 66 67 19 89 64 53 79 84 28 61 24 9 8 0 66 47 78 37 51 90 58 79 1 59 24 11 90 31 2 52 86 
88 58 98 12 72 48 95 67 65 65 69 89 99 14 69 29 63 19 25 76 57 24 73 52 66 79 55 85 75 85 49 86 31 38 47 46 79 16 59 49 46 50 17 33 77 63 35 41 4 40 93 18 18 63 86 59 16 75 65 89 65 45 100 97 83 66 36 42 91 88 47 100 38 26 7 42 35 34 8 2 98 71 90 66 0 20 6 90 71 31 72 70 42 87 77 24 21 59 84 86 7 
83 46 1 87 80 100 2 53 13 11 79 18 80 11 77 6 38 86 44 63 93 6 64 16 11 10 90 48 76 27 47 39 97 4 18 94 49 86 93 47 57 95 69 45 76 79 13 8 24 87 24 98 39 69 94 99 88 86 41 79 34 48 23 78 7 34 88 75 95 63 23 37 9 76 42 65 93 48 26 6 81 19 62 47 20 0 62 23 57 53 80 35 53 39 59 63 29 89 64 80 74 
34 69 83 72 68 7 17 85 47 33 39 64 40 59 53 3 63 95 61 30 27 25 78 21 1 59 85 96 53 21 40 4 29 32 97 60 45 31 68 65 55 59 31 61 68 17 25 68 42 94 84 52 40 6 46 8 85 83 74 55 2 22 11 7 25 65 45 49 97 10 29 15 86 28 4 56 91 23 31 80 18 75 56 78 6 62 0 83 85 65 54 16 36 24 57 24 1 80 44 60 64 
24 11 34 6 16 8 13 26 9 87 15 16 52 7 40 48 31 76 84 47 41 85 16 64 57 35 69 54 7 77 37 86 37 66 5 33 33 75 39 2 51 35 65 86 93 3 9 40 25 26 5 33 90 76 26 28 56 8 83 68 38 62 74 46 97 32 27 97 82 70 56 23 38 44 11 89 8 12 23 29 1 79 19 37 90 23 83 0 30 65 26 52 22 78 32 57 31 70 15 93 98 
89 54 20 45 4 64 47 26 78 61 43 93 33 9 99 40 29 95 61 31 9 66 69 52 79 78 34 22 69 74 4 87 31 2 28 1 71 48 52 53 23 44 81 12 16 84 65 53 100 68 3 95 99 23 8 74 2 45 57 15 93 19 58 25 29 10 38 91 37 100 91 65 45 14 31 83 72 99 31 15 31 33 54 51 71 57 85 30 0 4 57 78 78 40 63 42 93 77 78 17 34 
36 76 44 99 7 60 65 8 79 11 11 68 64 15 54 56 91 34 59 15 13 20 9 14 50 36 11 24 26 5 49 30 46 61 75 80 35 3 30 41 59 69 35 95 98 25 10 78 98 98 85 81 24 30 74 47 37 6 16 29 66 37 59 49 20 17 56 42 83 92 29 70 99 36 29 20 88 18 26 16 62 65 5 90 31 53 65 65 4 0 1 17 14 44 76 76 73 41 3 25 62 
69 31 96 71 69 23 92 52 69 81 60 87 74 77 44 63 32 44 30 29 17 30 98 56 98 77 40 67 71 5 54 48 52 61 15 90 6 83 3 82 10 71 72 8 42 23 3 67 90 9 22 85 8 32 22 61 81 96 50 81 77 1 13 90 9 91 17 86 6 75 49 14 60 30 86 96 61 50 51 57 80 18 52 58 72 80 54 26 57 1 0 79 56 19 10 26 33 3 24 36 59 
96 99 92 22 20 23 11 89 91 75 97 28 87 99 72 61 89 88 62 21 77 4 58 2 32 84 89 37 91 72 79 3 2 1 50 33 48 2 11 60 30 15 28 10 98 65 60 85 65 95 11 77 52 100 30 42 11 59 4 52 29 89 89 63 66 50 93 24 11 11 66 93 10 50 58 25 14 78 56 61 32 72 26 79 70 35 16 52 78 17 79 0 2 14 98 64 55 90 41 32 7 
59 58 77 48 62 63 62 62 87 40 12 55 54 26 58 36 73 19 4 26 52 60 14 80 80 57 66 94 64 98 67 14 40 83 76 20 91 61 51 27 45 38 82 94 89 9 57 41 80 15 12 46 58 40 24 68 68 1 98 71 85 99 97 15 76 12 89 74 54 46 39 19 70 80 72 22 53 52 10 84 49 5 82 1 42 53 36 22 78 14 56 2 0 75 33 23 87 75 98 64 48 
66 88 70 87 70 92 8 54 7 37 87 16 59 77 41 49 96 7 5 58 68 7 4 14 17 94 89 18 7 13 52 100 87 55 70 56 87 93 59 15 27 16 49 12 76 11 75 28 31 29 85 91 47 85 23 60 65 71 52 55 34 62 49 23 53 89 33 70 75 49 94 79 73 29 98 7 16 43 84 84 29 13 99 59 87 39 24 78 40 44 19 14 75 0 38 65 72 99 45 28 18 
86 75 13 10 57 74 40 82 6 40 17 83 11 15 2 22 26 27 47 78 16 49 46 19 99 58 10 95 8 14 11 98 83 53 27 68 3 4 72 25 62 15 45 42 93 40 71 29 71 100 99 37 37 77 98 44 37 2 65 65 89 74 46 95 61 56 32 70 26 35 16 32 3 10 93 55 3 69 5 67 92 21 12 24 77 59 57 32 63 76 10 98 33 38 0 54 53 50 56 76 85 
45 63 69 11 1 47 50 96 53 28 80 23 95 57 75 80 12 86 14 11 12 99 72 59 100 52 43 40 7 87 23 37 68 13 20 10 48 59 32 84 45 51 44 64 75 8 7 27 70 35 29 57 56 24 51 58 9 16 78 68 18 35 44 12 41 34 84 16 33 78 73 13 88 89 2 50 37 60 32 10 50 28 16 11 24 63 24 57 42 76 26 64 23 65 54 0 15 78 98 13 41 
92 5 39 39 2 44 44 74 19 60 32 12 33 80 45 6 70 26 93 58 46 8 82 45 43 27 24 43 87 30 41 10 3 25 9 78 41 67 82 77 68 86 62 42 18 95 33 96 40 73 87 75 26 30 51 1 33 91 90 73 70 49 45 38 95 18 47 79 20 68 72 94 52 98 49 91 35 15 94 15 34 11 8 90 21 29 1 31 93 73 33 55 87 72 53 15 0 53 3 82 84 
40 75 78 31 31 85 30 35 93 8 40 46 58 42 65 77 76 42 10 47 99 12 52 7 16 55 16 43 49 30 63 37 92 46 4 99 64 58 91 72 79 76 76 56 96 56 6 37 17 47 76 88 1 97 13 2 4 15 79 61 16 39 39 57 98 39 42 45 36 71 83 5 34 82 73 13 98 57 3 90 72 2 82 31 59 89 80 70 77 41 3 90 75 99 50 78 53 0 9 56 17 
82 83 94 66 27 95 25 37 12 90 46 86 5 60 4 33 61 67 64 29 52 96 51 4 63 22 16 63 4 30 67 77 99 54 51 73 54 1 12 34 22 9 20 83 55 5 77 22 13 78 40 91 72 25 26 43 56 19 36 65 39 32 66 44 7 95 10 12 36 14 44 84 99 92 30 22 61 20 50 39 77 46 34 2 84 64 44 15 78 3 24 41 98 45 56 98 3 9 0 31 44 
69 93 92 81 66 95 91 5 39 44 54 55 79 45 81 6 17 94 93 14 79 26 57 11 57 26 56 10 36 21 57 21 53 42 57 7 43 67 72 51 81 24 27 17 69 70 54 67 26 17 16 44 3 89 11 79 32 16 75 40 71 39 33 95 24 14 75 4 12 79 85 77 47 85 58 90 56 28 45 40 48 11 82 52 86 80 60 93 17 25 36 32 64 28 76 13 82 56 31 0 91 
91 87 86 14 86 90 57 3 60 88 75 47 52 89 39 82 2 65 84 87 73 17 82 39 71 4 1 32 52 10 90 12 8 84 97 50 27 71 81 91 29 18 93 14 41 47 49 5 29 92 20 45 17 56 88 41 59 42 14 36 64 37 32 65 28 11 96 92 14 84 62 48 38 34 62 6 5 11 80 40 87 32 61 86 7 74 64 98 34 62 59 7 48 18 85 41 84 17 44 91 0 
